   1.3333333e-03   1.0000000e+00   4.0000000e-03
   5.1538101e-01   1.0091880e+00   1.0400000e-01
   1.1445746e+00   1.0198497e+00   2.0400000e-01
   1.7365922e+00   1.0298874e+00   3.0400000e-01
   2.2181068e+00   1.0398566e+00   4.0400000e-01
   2.6316532e+00   1.0498125e+00   5.0400000e-01
   3.0718677e+00   1.0597678e+00   6.0400000e-01
   3.4400642e+00   1.0697307e+00   7.0400000e-01
   3.8148802e+00   1.0797133e+00   8.0400000e-01
   4.1271266e+00   1.0896553e+00   9.0400000e-01
   4.4592746e+00   1.0996384e+00   1.0040000e+00
   4.7515043e+00   1.1095873e+00   1.1040000e+00
   5.0103522e+00   1.1195566e+00   1.2040000e+00
   5.2798834e+00   1.1295189e+00   1.3040000e+00
   5.5454132e+00   1.1394817e+00   1.4040000e+00
   5.7856111e+00   1.1494440e+00   1.5040000e+00
   5.9911257e+00   1.1594132e+00   1.6040000e+00
   6.2193221e+00   1.1693761e+00   1.7040000e+00
   6.4328700e+00   1.1793314e+00   1.8040000e+00
   6.5996846e+00   1.1893146e+00   1.9040000e+00
   6.8226309e+00   1.1992426e+00   2.0040000e+00
   6.9734455e+00   1.2092258e+00   2.1040000e+00
   7.1616601e+00   1.2191811e+00   2.2040000e+00
   7.3458246e+00   1.2291573e+00   2.3040000e+00
   7.4527044e+00   1.2391132e+00   2.4040000e+00
   7.6475690e+00   1.2490754e+00   2.5040000e+00
   7.7610988e+00   1.2590383e+00   2.6040000e+00
   7.9532966e+00   1.2690006e+00   2.7040000e+00
   8.0761445e+00   1.2789698e+00   2.8040000e+00
   8.2003743e+00   1.2889187e+00   2.9040000e+00
   8.3311889e+00   1.2989019e+00   3.0040000e+00
   8.3318997e+00   1.3002786e+00   3.0180000e+00
   8.3274407e+00   1.3004707e+00   3.0200000e+00
