   1.1421536e-01   1.0007470e+00   1.0025000e-01
   1.0726869e-01   1.0019803e+00   2.0025000e-01
   1.7554475e-01   1.0029808e+00   3.0000000e-01
   2.2652075e-01   1.0039675e+00   4.0025000e-01
   2.6013152e-01   1.0049675e+00   5.0000000e-01
   3.0970901e-01   1.0059814e+00   6.0025000e-01
   3.5800171e-01   1.0069750e+00   7.0025000e-01
   3.9427776e-01   1.0079756e+00   8.0000000e-01
   4.1190379e-01   1.0089692e+00   9.0025000e-01
   4.7084789e-01   1.0099692e+00   1.0000000e+00
   5.0587243e-01   1.0109356e+00   1.1002500e+00
   5.2614987e-01   1.0119356e+00   1.2002500e+00
   5.5040928e-01   1.0129431e+00   1.3000000e+00
   6.1197013e-01   1.0139640e+00   1.4002500e+00
   6.2162944e-01   1.0149437e+00   1.5000000e+00
   6.4860544e-01   1.0159304e+00   1.6002500e+00
   6.8486485e-01   1.0169379e+00   1.7002500e+00
   7.1450752e-01   1.0179246e+00   1.8000000e+00
   7.4145163e-01   1.0189246e+00   1.9002500e+00
   7.6574432e-01   1.0199182e+00   2.0000000e+00
   8.0468704e-01   1.0209187e+00   2.1002500e+00
   8.1426453e-01   1.0219327e+00   2.2002500e+00
   8.5722389e-01   1.0229263e+00   2.3000000e+00
   8.7354987e-01   1.0239060e+00   2.4002500e+00
   8.8984256e-01   1.0248996e+00   2.5000000e+00
   9.0612000e-01   1.0258996e+00   2.6002500e+00
   9.6237941e-01   1.0269071e+00   2.7002500e+00
   9.7600544e-01   1.0279008e+00   2.8000000e+00
   9.8694955e-01   1.0289008e+00   2.9002500e+00
   1.0166241e+00   1.0298741e+00   3.0000000e+00
   1.0395516e+00   1.0308810e+00   3.1002500e+00
   1.0584790e+00   1.0318880e+00   3.2002500e+00
   1.0801217e+00   1.0328746e+00   3.3000000e+00
   1.1030644e+00   1.0338752e+00   3.4002500e+00
   1.1299919e+00   1.0348822e+00   3.5000000e+00
   1.1489180e+00   1.0358897e+00   3.6002500e+00
   1.1852925e+00   1.0368491e+00   3.7002500e+00
   1.1588866e+00   1.0378561e+00   3.8000000e+00
   1.2098293e+00   1.0388566e+00   3.9002500e+00
   1.2381220e+00   1.0398503e+00   4.0000000e+00
   1.2450661e+00   1.0408503e+00   4.1002500e+00
   1.2733422e+00   1.0418508e+00   4.2002500e+00
   1.2816196e+00   1.0428508e+00   4.3000000e+00
   1.3232457e+00   1.0438445e+00   4.4002500e+00
   1.3128883e+00   1.0448311e+00   4.5000000e+00
   1.3665143e+00   1.0458247e+00   4.6002500e+00
   1.3614571e+00   1.0468253e+00   4.7002500e+00
   1.3790512e+00   1.0478323e+00   4.8000000e+00
   1.4006772e+00   1.0488259e+00   4.9002500e+00
   1.4222880e+00   1.0498259e+00   5.0000000e+00
   1.4412640e+00   1.0508125e+00   5.1002500e+00
   1.4362400e+00   1.0517992e+00   5.2002500e+00
   1.4804994e+00   1.0528067e+00   5.3000000e+00
   1.4927755e+00   1.0538073e+00   5.4002500e+00
   1.4984029e+00   1.0548003e+00   5.5000000e+00
   1.5120289e+00   1.0557940e+00   5.6002500e+00
   1.5376549e+00   1.0567876e+00   5.7002500e+00
   1.5592491e+00   1.0577945e+00   5.8000000e+00
   1.5635737e+00   1.0587748e+00   5.9002500e+00
   1.5931844e+00   1.0597748e+00   6.0000000e+00
   1.5987772e+00   1.0607824e+00   6.1002500e+00
   1.6177379e+00   1.0617754e+00   6.2002500e+00
   1.6393639e+00   1.0627690e+00   6.3000000e+00
   1.6569733e+00   1.0637696e+00   6.4002500e+00
   1.6705841e+00   1.0647696e+00   6.5000000e+00
   1.6802587e+00   1.0657429e+00   6.6002500e+00
   1.7098694e+00   1.0667429e+00   6.7002500e+00
   1.7087789e+00   1.0677574e+00   6.8000000e+00
   1.7237382e+00   1.0687510e+00   6.9002500e+00
   1.7533809e+00   1.0697377e+00   7.0000000e+00
   1.7589584e+00   1.0707516e+00   7.1002500e+00
   1.7886011e+00   1.0717382e+00   7.2002500e+00
   1.7875604e+00   1.0727319e+00   7.3000000e+00
   1.8185364e+00   1.0737185e+00   7.4002500e+00
   1.8094805e+00   1.0747185e+00   7.5000000e+00
   1.8404233e+00   1.0757191e+00   7.6002500e+00
   1.8513341e+00   1.0767330e+00   7.7002500e+00
   1.8569767e+00   1.0777197e+00   7.8000000e+00
   1.8732694e+00   1.0787133e+00   7.9002500e+00
   1.8949121e+00   1.0796999e+00   8.0000000e+00
   1.9071895e+00   1.0806999e+00   8.1002500e+00
   1.9061489e+00   1.0816936e+00   8.2002500e+00
   1.9531083e+00   1.0826872e+00   8.3000000e+00
   1.9506691e+00   1.0837081e+00   8.4002500e+00
   1.9470103e+00   1.0846814e+00   8.5000000e+00
   1.9806211e+00   1.0856814e+00   8.6002500e+00
   1.9982471e+00   1.0866750e+00   8.7002500e+00
   2.0052231e+00   1.0876616e+00   8.8000000e+00
   1.9988006e+00   1.0886756e+00   8.9002500e+00
   2.0537115e+00   1.0896895e+00   9.0000000e+00
   2.0460208e+00   1.0906761e+00   9.1002500e+00
   2.0556787e+00   1.0916564e+00   9.2002500e+00
   2.0719562e+00   1.0926564e+00   9.3000000e+00
   2.0642489e+00   1.0936500e+00   9.4002500e+00
   2.0965415e+00   1.0946436e+00   9.5000000e+00
   2.1008023e+00   1.0956506e+00   9.6002500e+00
   2.1290784e+00   1.0966512e+00   9.7002500e+00
   2.1240211e+00   1.0976518e+00   9.8000000e+00
   2.1443305e+00   1.0986384e+00   9.9002500e+00
   2.1686564e+00   1.0996181e+00   1.0000000e+01
   2.1769172e+00   1.1006251e+00   1.0100250e+01
   2.1838433e+00   1.1016326e+00   1.0200250e+01
   2.2054707e+00   1.1026257e+00   1.0300000e+01
   2.2137634e+00   1.1036193e+00   1.0400250e+01
   2.2220395e+00   1.1046198e+00   1.0500000e+01
   2.2196988e+00   1.1055995e+00   1.0600250e+01
   2.2546581e+00   1.1065932e+00   1.0700250e+01
   2.2455856e+00   1.1076001e+00   1.0800000e+01
   2.2752116e+00   1.1085937e+00   1.0900250e+01
   2.2834877e+00   1.1095943e+00   1.1000000e+01
   2.2877651e+00   1.1105943e+00   1.1100250e+01
   2.2973579e+00   1.1116019e+00   1.1200250e+01
   2.3297005e+00   1.1125746e+00   1.1300000e+01
   2.3273431e+00   1.1135612e+00   1.1400250e+01
   2.3329206e+00   1.1145752e+00   1.1500000e+01
   2.3598467e+00   1.1155827e+00   1.1600250e+01
   2.3588227e+00   1.1165694e+00   1.1700250e+01
   2.3804335e+00   1.1175694e+00   1.1800000e+01
   2.3766929e+00   1.1185769e+00   1.1900250e+01
   2.4130022e+00   1.1195636e+00   1.2000000e+01
   2.3906782e+00   1.1205363e+00   1.2100250e+01
   2.4149542e+00   1.1215369e+00   1.2200250e+01
   2.4298651e+00   1.1225508e+00   1.2300000e+01
   2.4368078e+00   1.1235514e+00   1.2400250e+01
   2.4504505e+00   1.1245380e+00   1.2500000e+01
   2.4746946e+00   1.1255519e+00   1.2600250e+01
   2.4870206e+00   1.1265316e+00   1.2700250e+01
   2.4753466e+00   1.1275113e+00   1.2800000e+01
   2.4996226e+00   1.1285119e+00   1.2900250e+01
   2.5172167e+00   1.1295189e+00   1.3000000e+01
   2.5148095e+00   1.1305264e+00   1.3100250e+01
   2.5311355e+00   1.1315061e+00   1.3200250e+01
   2.5407296e+00   1.1325131e+00   1.3300000e+01
   2.5623223e+00   1.1335206e+00   1.3400250e+01
   2.5519331e+00   1.1345206e+00   1.3500000e+01
   2.5682743e+00   1.1354939e+00   1.3600250e+01
   2.5911685e+00   1.1365148e+00   1.3700250e+01
   2.6021612e+00   1.1374945e+00   1.3800000e+01
   2.6104372e+00   1.1384951e+00   1.3900250e+01
   2.6067299e+00   1.1394887e+00   1.4000000e+01
   2.6270074e+00   1.1404887e+00   1.4100250e+01
   2.6286819e+00   1.1414620e+00   1.4200250e+01
   2.6516260e+00   1.1424620e+00   1.4300000e+01
   2.6478535e+00   1.1434829e+00   1.4400250e+01
   2.6694463e+00   1.1444904e+00   1.4500000e+01
   2.6857723e+00   1.1454701e+00   1.4600250e+01
   2.6914149e+00   1.1464568e+00   1.4700250e+01
   2.6850410e+00   1.1474504e+00   1.4800000e+01
   2.7013184e+00   1.1484504e+00   1.4900250e+01
   2.7229444e+00   1.1494440e+00   1.5000000e+01
   2.7205538e+00   1.1504446e+00   1.5100250e+01
   2.7288146e+00   1.1514515e+00   1.5200250e+01
   2.7490907e+00   1.1524521e+00   1.5300000e+01
   2.7574166e+00   1.1534318e+00   1.5400250e+01
   2.7843926e+00   1.1544185e+00   1.5500000e+01
   2.7660034e+00   1.1554185e+00   1.5600250e+01
   2.7916294e+00   1.1564121e+00   1.5700250e+01
   2.7892222e+00   1.1574196e+00   1.5800000e+01
   2.8121663e+00   1.1584196e+00   1.5900250e+01
   2.8217424e+00   1.1594341e+00   1.6000000e+01
   2.8181017e+00   1.1603999e+00   1.6100250e+01
   2.8250444e+00   1.1614005e+00   1.6200250e+01
   2.8319885e+00   1.1624005e+00   1.6300000e+01
   2.8642812e+00   1.1633941e+00   1.6400250e+01
   2.8352239e+00   1.1643947e+00   1.6500000e+01
   2.8768180e+00   1.1654016e+00   1.6600250e+01
   2.8824441e+00   1.1663952e+00   1.6700250e+01
   2.8787700e+00   1.1673749e+00   1.6800000e+01
   2.8924127e+00   1.1683616e+00   1.6900250e+01
   2.9019735e+00   1.1693825e+00   1.7000000e+01
   2.9275829e+00   1.1703831e+00   1.7100250e+01
   2.9159408e+00   1.1713494e+00   1.7200250e+01
   2.9441850e+00   1.1723633e+00   1.7300000e+01
   2.9324458e+00   1.1733703e+00   1.7400250e+01
   2.9594537e+00   1.1743436e+00   1.7500000e+01
   2.9597477e+00   1.1753366e+00   1.7600250e+01
   2.9679905e+00   1.1763511e+00   1.7700250e+01
   2.9696179e+00   1.1773442e+00   1.7800000e+01
   2.9831940e+00   1.1783587e+00   1.7900250e+01
   3.0208700e+00   1.1793314e+00   1.8000000e+01
   2.9917642e+00   1.1803523e+00   1.8100250e+01
   3.0214068e+00   1.1813389e+00   1.8200250e+01
   3.0257647e+00   1.1823053e+00   1.8300000e+01
   3.0379922e+00   1.1833262e+00   1.8400250e+01
   3.0262697e+00   1.1843262e+00   1.8500000e+01
   3.0492290e+00   1.1853198e+00   1.8600250e+01
   3.0495051e+00   1.1863204e+00   1.8700250e+01
   3.0497659e+00   1.1873273e+00   1.8800000e+01
   3.0821237e+00   1.1882937e+00   1.8900250e+01
   3.0824331e+00   1.1892803e+00   1.9000000e+01
   3.0893439e+00   1.1902943e+00   1.9100250e+01
   3.0949380e+00   1.1913012e+00   1.9200250e+01
   3.1099140e+00   1.1922879e+00   1.9300000e+01
   3.1168401e+00   1.1932954e+00   1.9400250e+01
   3.1171328e+00   1.1942890e+00   1.9500000e+01
   3.1480769e+00   1.1952890e+00   1.9600250e+01
   3.1337847e+00   1.1962484e+00   1.9700250e+01
   3.1500442e+00   1.1972559e+00   1.9800000e+01
   3.1329716e+00   1.1982629e+00   1.9900250e+01
   3.1812324e+00   1.1992699e+00   2.0000000e+01
   3.1815085e+00   1.2002705e+00   2.0100250e+01
   3.1724512e+00   1.2012710e+00   2.0200250e+01
   3.1901105e+00   1.2022507e+00   2.0300000e+01
   3.1903879e+00   1.2032507e+00   2.0400250e+01
   3.2120459e+00   1.2042310e+00   2.0500000e+01
   3.2122734e+00   1.2052519e+00   2.0600250e+01
   3.2365675e+00   1.2062449e+00   2.0700250e+01
   3.2208435e+00   1.2072455e+00   2.0800000e+01
   3.2291362e+00   1.2082391e+00   2.0900250e+01
   3.2521289e+00   1.2092188e+00   2.1000000e+01
   3.2483883e+00   1.2102263e+00   2.1100250e+01
   3.2540476e+00   1.2112060e+00   2.1200250e+01
   3.2862585e+00   1.2122339e+00   2.1300000e+01
   3.2892345e+00   1.2132205e+00   2.1400250e+01
   3.2895285e+00   1.2142136e+00   2.1500000e+01
   3.3045364e+00   1.2151869e+00   2.1600250e+01
   3.3074306e+00   1.2162078e+00   2.1700250e+01
   3.2944066e+00   1.2171944e+00   2.1800000e+01
   3.3360174e+00   1.2181944e+00   2.1900250e+01
   3.3176268e+00   1.2191950e+00   2.2000000e+01
   3.3378709e+00   1.2202089e+00   2.2100250e+01
   3.3381803e+00   1.2211956e+00   2.2200250e+01
   3.3558715e+00   1.2221619e+00   2.2300000e+01
   3.3681489e+00   1.2231619e+00   2.2400250e+01
   3.3604250e+00   1.2241625e+00   2.2500000e+01
   3.3926691e+00   1.2251764e+00   2.2600250e+01
   3.3769618e+00   1.2261701e+00   2.2700250e+01
   3.3905546e+00   1.2271776e+00   2.2800000e+01
   3.4015153e+00   1.2281706e+00   2.2900250e+01
   3.4151899e+00   1.2291439e+00   2.3000000e+01
   3.4088159e+00   1.2301376e+00   2.3100250e+01
   3.4250601e+00   1.2311515e+00   2.3200250e+01
   3.4333527e+00   1.2321451e+00   2.3300000e+01
   3.4229635e+00   1.2331451e+00   2.3400250e+01
   3.4432562e+00   1.2341387e+00   2.3500000e+01
   3.4568490e+00   1.2351463e+00   2.3600250e+01
   3.4598582e+00   1.2361190e+00   2.3700250e+01
   3.4548023e+00   1.2371190e+00   2.3800000e+01
   3.4777451e+00   1.2381196e+00   2.3900250e+01
   3.4713545e+00   1.2391201e+00   2.4000000e+01
   3.4769805e+00   1.2401138e+00   2.4100250e+01
   3.4959079e+00   1.2411207e+00   2.4200250e+01
   3.5188507e+00   1.2421213e+00   2.4300000e+01
   3.5111766e+00   1.2431010e+00   2.4400250e+01
   3.5061693e+00   1.2440807e+00   2.4500000e+01
   3.5277468e+00   1.2450946e+00   2.4600250e+01
   3.5359909e+00   1.2461085e+00   2.4700250e+01
   3.5230155e+00   1.2470749e+00   2.4800000e+01
   3.5472763e+00   1.2480818e+00   2.4900250e+01
   3.5408857e+00   1.2490824e+00   2.5000000e+01
   3.5625117e+00   1.2500760e+00   2.5100250e+01
   3.5388210e+00   1.2510627e+00   2.5200250e+01
   3.5844151e+00   1.2520696e+00   2.5300000e+01
   3.5633579e+00   1.2530702e+00   2.5400250e+01
   3.6049520e+00   1.2540772e+00   2.5500000e+01
   3.5932766e+00   1.2550575e+00   2.5600250e+01
   3.6015540e+00   1.2560575e+00   2.5700250e+01
   3.6031801e+00   1.2570511e+00   2.5800000e+01
   3.6181561e+00   1.2580377e+00   2.5900250e+01
   3.6264169e+00   1.2590447e+00   2.6000000e+01
   3.6106929e+00   1.2600453e+00   2.6100250e+01
   3.6509690e+00   1.2610459e+00   2.6200250e+01
   3.6299450e+00   1.2620325e+00   2.6300000e+01
   3.6515391e+00   1.2630395e+00   2.6400250e+01
   3.6411984e+00   1.2640192e+00   2.6500000e+01
   3.6695077e+00   1.2650058e+00   2.6600250e+01
   3.6591171e+00   1.2660064e+00   2.6700250e+01
   3.6593280e+00   1.2670342e+00   2.6800000e+01
   3.6863040e+00   1.2680209e+00   2.6900250e+01
   3.6826133e+00   1.2690075e+00   2.7000000e+01
   3.6909060e+00   1.2700012e+00   2.7100250e+01
   3.6992001e+00   1.2709942e+00   2.7200250e+01
   3.7194928e+00   1.2719878e+00   2.7300000e+01
   3.7158021e+00   1.2729745e+00   2.7400250e+01
   3.7280297e+00   1.2739954e+00   2.7500000e+01
   3.7282891e+00   1.2750029e+00   2.7600250e+01
   3.7392651e+00   1.2759896e+00   2.7700250e+01
   3.7382577e+00   1.2769692e+00   2.7800000e+01
   3.7492171e+00   1.2779629e+00   2.7900250e+01
   3.7654612e+00   1.2789768e+00   2.8000000e+01
   3.7631039e+00   1.2799634e+00   2.8100250e+01
   3.7820633e+00   1.2809571e+00   2.8200250e+01
   3.7743074e+00   1.2819710e+00   2.8300000e+01
   3.7719334e+00   1.2829646e+00   2.8400250e+01
   3.7895927e+00   1.2839443e+00   2.8500000e+01
   3.7899021e+00   1.2849309e+00   2.8600250e+01
   3.8101296e+00   1.2859518e+00   2.8700250e+01
   3.7851056e+00   1.2869385e+00   2.8800000e+01
   3.8253817e+00   1.2879391e+00   2.8900250e+01
   3.8136757e+00   1.2889321e+00   2.9000000e+01
   3.8272685e+00   1.2899396e+00   2.9100250e+01
   3.8369111e+00   1.2909263e+00   2.9200250e+01
   3.8412038e+00   1.2919199e+00   2.9300000e+01
   3.8601632e+00   1.2929135e+00   2.9400250e+01
   3.8324406e+00   1.2939135e+00   2.9500000e+01
   3.8754166e+00   1.2949002e+00   2.9600250e+01
   3.8436608e+00   1.2959141e+00   2.9700250e+01
   3.8719202e+00   1.2969216e+00   2.9800000e+01
   3.8762947e+00   1.2978810e+00   2.9900250e+01
   3.8925722e+00   1.2988810e+00   3.0000000e+01
   3.8914663e+00   1.2999019e+00   3.0100250e+01
   3.8957590e+00   1.3008955e+00   3.0200250e+01
   3.9040684e+00   1.3018822e+00   3.0300000e+01
   3.9029792e+00   1.3028961e+00   3.0400250e+01
   3.9139552e+00   1.3038828e+00   3.0500000e+01
   3.9329146e+00   1.3048764e+00   3.0600250e+01
   3.9105739e+00   1.3058561e+00   3.0700250e+01
   3.9361999e+00   1.3068497e+00   3.0800000e+01
   3.9284441e+00   1.3078636e+00   3.0900250e+01
   3.9460202e+00   1.3088781e+00   3.1000000e+01
   3.9303461e+00   1.3098578e+00   3.1100250e+01
   3.9653055e+00   1.3108514e+00   3.1200250e+01
   3.9602330e+00   1.3118584e+00   3.1300000e+01
   3.9632256e+00   1.3128381e+00   3.1400250e+01
   3.9861683e+00   1.3138387e+00   3.1500000e+01
   3.9811124e+00   1.3148387e+00   3.1600250e+01
   3.9880551e+00   1.3158392e+00   3.1700250e+01
   3.9843478e+00   1.3168328e+00   3.1800000e+01
   4.0192753e+00   1.3178398e+00   3.1900250e+01
   3.9956013e+00   1.3188195e+00   3.2000000e+01
   4.0132592e+00   1.3197998e+00   3.2100250e+01
   4.0161867e+00   1.3208067e+00   3.2200250e+01
   4.0204142e+00   1.3218276e+00   3.2300000e+01
   4.0340569e+00   1.3228143e+00   3.2400250e+01
   4.0303662e+00   1.3238009e+00   3.2500000e+01
   4.0426422e+00   1.3248015e+00   3.2600250e+01
   4.0482530e+00   1.3258015e+00   3.2700250e+01
   4.0472609e+00   1.3267748e+00   3.2800000e+01
   4.0715051e+00   1.3277887e+00   3.2900250e+01
   4.0504478e+00   1.3287893e+00   3.3000000e+01
   4.0786753e+00   1.3298102e+00   3.3100250e+01
   4.0736679e+00   1.3307899e+00   3.3200250e+01
   4.0993273e+00   1.3317696e+00   3.3300000e+01
   4.0796033e+00   1.3327702e+00   3.3400250e+01
   4.0972141e+00   1.3337702e+00   3.3500000e+01
   4.1255068e+00   1.3347638e+00   3.3600250e+01
   4.1017828e+00   1.3357644e+00   3.3700250e+01
   4.1140603e+00   1.3367644e+00   3.3800000e+01
   4.1090030e+00   1.3377649e+00   3.3900250e+01
   4.1359790e+00   1.3387516e+00   3.4000000e+01
   4.1176383e+00   1.3397313e+00   3.4100250e+01
   4.1392158e+00   1.3407452e+00   3.4200250e+01
   4.1461751e+00   1.3417388e+00   3.4300000e+01
   4.1371012e+00   1.3427464e+00   3.4400250e+01
   4.1587439e+00   1.3437330e+00   3.4500000e+01
   4.1590047e+00   1.3447400e+00   3.4600250e+01
   4.1633307e+00   1.3457197e+00   3.4700250e+01
   4.1756067e+00   1.3467203e+00   3.4800000e+01
   4.1812327e+00   1.3477139e+00   3.4900250e+01
   4.1762087e+00   1.3487005e+00   3.5000000e+01
   4.1804695e+00   1.3497075e+00   3.5100250e+01
   4.2020304e+00   1.3507284e+00   3.5200250e+01
   4.1970064e+00   1.3517150e+00   3.5300000e+01
   4.1960143e+00   1.3526883e+00   3.5400250e+01
   4.2069750e+00   1.3536814e+00   3.5500000e+01
   4.2232178e+00   1.3546959e+00   3.5600250e+01
   4.2194953e+00   1.3556959e+00   3.5700250e+01
   4.2291546e+00   1.3566756e+00   3.5800000e+01
   4.2280806e+00   1.3576831e+00   3.5900250e+01
   4.2363733e+00   1.3586767e+00   3.6000000e+01
   4.2380007e+00   1.3596698e+00   3.6100250e+01
   4.2356587e+00   1.3606500e+00   3.6200250e+01
   4.2652528e+00   1.3616570e+00   3.6300000e+01
   4.2414970e+00   1.3626709e+00   3.6400250e+01
   4.2631230e+00   1.3636645e+00   3.6500000e+01
   4.2794157e+00   1.3646582e+00   3.6600250e+01
   4.2703750e+00   1.3656518e+00   3.6700250e+01
   4.2760025e+00   1.3666448e+00   3.6800000e+01
   4.2936285e+00   1.3676384e+00   3.6900250e+01
   4.2992379e+00   1.3686390e+00   3.7000000e+01
   4.2888639e+00   1.3696326e+00   3.7100250e+01
   4.3051081e+00   1.3706465e+00   3.7200250e+01
   4.3134174e+00   1.3716332e+00   3.7300000e+01
   4.3056782e+00   1.3726402e+00   3.7400250e+01
   4.3180028e+00   1.3736204e+00   3.7500000e+01
   4.3263287e+00   1.3746001e+00   3.7600250e+01
   4.3239229e+00   1.3756071e+00   3.7700250e+01
   4.3281504e+00   1.3766280e+00   3.7800000e+01
   4.3351430e+00   1.3776077e+00   3.7900250e+01
   4.3367524e+00   1.3786082e+00   3.8000000e+01
   4.3370451e+00   1.3796019e+00   3.8100250e+01
   4.3559878e+00   1.3806024e+00   3.8200250e+01
   4.3429805e+00   1.3815821e+00   3.8300000e+01
   4.3712579e+00   1.3825821e+00   3.8400250e+01
   4.3515007e+00   1.3835966e+00   3.8500000e+01
   4.3784614e+00   1.3845897e+00   3.8600250e+01
   4.3680875e+00   1.3855833e+00   3.8700250e+01
   4.4057301e+00   1.3865699e+00   3.8800000e+01
   4.3913728e+00   1.3875566e+00   3.8900250e+01
   4.3822989e+00   1.3885641e+00   3.9000000e+01
   4.4065930e+00   1.3895572e+00   3.9100250e+01
   4.4082023e+00   1.3905577e+00   3.9200250e+01
   4.4364618e+00   1.3915653e+00   3.9300000e+01
   4.4020725e+00   1.3925653e+00   3.9400250e+01
   4.4410652e+00   1.3935450e+00   3.9500000e+01
   4.4107078e+00   1.3945316e+00   3.9600250e+01
   4.4149839e+00   1.3955322e+00   3.9700250e+01
   4.4192766e+00   1.3965258e+00   3.9800000e+01
   4.4408541e+00   1.3975398e+00   3.9900250e+01
   4.4544635e+00   1.3985403e+00   4.0000000e+01
   4.4454395e+00   1.3995270e+00   4.0100250e+01
   4.4630669e+00   1.4005200e+00   4.0200250e+01
   4.4620262e+00   1.4015136e+00   4.0300000e+01
   4.4689690e+00   1.4025142e+00   4.0400250e+01
   4.4745631e+00   1.4035212e+00   4.0500000e+01
   4.4748724e+00   1.4045078e+00   4.0600250e+01
   4.4871485e+00   1.4055084e+00   4.0700250e+01
   4.5087579e+00   1.4065090e+00   4.0800000e+01
   4.5037505e+00   1.4074887e+00   4.0900250e+01
   4.5040446e+00   1.4084817e+00   4.1000000e+01
   4.4949707e+00   1.4094893e+00   4.1100250e+01
   4.5139300e+00   1.4104829e+00   4.1200250e+01
   4.5195408e+00   1.4114829e+00   4.1300000e+01
   4.5104669e+00   1.4124904e+00   4.1400250e+01
   4.5307596e+00   1.4134840e+00   4.1500000e+01
   4.5404189e+00   1.4144637e+00   4.1600250e+01
   4.5113949e+00   1.4154504e+00   4.1700250e+01
   4.5529890e+00   1.4164573e+00   4.1800000e+01
   4.5158998e+00   1.4174713e+00   4.1900250e+01
   4.5642092e+00   1.4184579e+00   4.2000000e+01
   4.5511685e+00   1.4194515e+00   4.2100250e+01
   4.5701113e+00   1.4204521e+00   4.2200250e+01
   4.5690873e+00   1.4214388e+00   4.2300000e+01
   4.5680300e+00   1.4224393e+00   4.2400250e+01
   4.5896574e+00   1.4234324e+00   4.2500000e+01
   4.5725668e+00   1.4244469e+00   4.2600250e+01
   4.5968928e+00   1.4254266e+00   4.2700250e+01
   4.5944703e+00   1.4264405e+00   4.2800000e+01
   4.6001130e+00   1.4274272e+00   4.2900250e+01
   4.5830890e+00   1.4284138e+00   4.3000000e+01
   4.6087316e+00   1.4294005e+00   4.3100250e+01
   4.6196591e+00   1.4304074e+00   4.3200250e+01
   4.6119185e+00   1.4314150e+00   4.3300000e+01
   4.6255612e+00   1.4324016e+00   4.3400250e+01
   4.6165053e+00   1.4334016e+00   4.3500000e+01
   4.6247813e+00   1.4344022e+00   4.3600250e+01
   4.6250907e+00   1.4353889e+00   4.3700250e+01
   4.6494000e+00   1.4363755e+00   4.3800000e+01
   4.6496442e+00   1.4373894e+00   4.3900250e+01
   4.6405702e+00   1.4383970e+00   4.4000000e+01
   4.6648629e+00   1.4393906e+00   4.4100250e+01
   4.6665222e+00   1.4403703e+00   4.4200250e+01
   4.6721330e+00   1.4413703e+00   4.4300000e+01
   4.6697424e+00   1.4423709e+00   4.4400250e+01
   4.6913851e+00   1.4433575e+00   4.4500000e+01
   4.6823278e+00   1.4443581e+00   4.4600250e+01
   4.6799386e+00   1.4453581e+00   4.4700250e+01
   4.6948979e+00   1.4463517e+00   4.4800000e+01
   4.6924921e+00   1.4473587e+00   4.4900250e+01
   4.7061181e+00   1.4483523e+00   4.5000000e+01
   4.6984441e+00   1.4493320e+00   4.5100250e+01
   4.7227520e+00   1.4503192e+00   4.5200250e+01
   4.6883295e+00   1.4513331e+00   4.5300000e+01
   4.7285737e+00   1.4523471e+00   4.5400250e+01
   4.7222163e+00   1.4533337e+00   4.5500000e+01
   4.7278423e+00   1.4543273e+00   4.5600250e+01
   4.7148017e+00   1.4553210e+00   4.5700250e+01
   4.7457625e+00   1.4563140e+00   4.5800000e+01
   4.7434051e+00   1.4573006e+00   4.5900250e+01
   4.7397145e+00   1.4582873e+00   4.6000000e+01
   4.7439253e+00   1.4593151e+00   4.6100250e+01
   4.7615181e+00   1.4603227e+00   4.6200250e+01
   4.7631774e+00   1.4613024e+00   4.6300000e+01
   4.7661700e+00   1.4622821e+00   4.6400250e+01
   4.7704461e+00   1.4632826e+00   4.6500000e+01
   4.7653902e+00   1.4642826e+00   4.6600250e+01
   4.7670329e+00   1.4652693e+00   4.6700250e+01
   4.7939423e+00   1.4662838e+00   4.6800000e+01
   4.7795531e+00   1.4672838e+00   4.6900250e+01
   4.7825124e+00   1.4682774e+00   4.7000000e+01
   4.7974884e+00   1.4692641e+00   4.7100250e+01
   4.7884644e+00   1.4702507e+00   4.7200250e+01
   4.7980586e+00   1.4712577e+00   4.7300000e+01
   4.8103346e+00   1.4722583e+00   4.7400250e+01
   4.8319287e+00   1.4732652e+00   4.7500000e+01
   4.8095867e+00   1.4742455e+00   4.7600250e+01
   4.8338475e+00   1.4752525e+00   4.7700250e+01
   4.8221887e+00   1.4762258e+00   4.7800000e+01
   4.8344329e+00   1.4772397e+00   4.7900250e+01
   4.8494089e+00   1.4782263e+00   4.8000000e+01
   4.8456697e+00   1.4792333e+00   4.8100250e+01
   4.8672790e+00   1.4802339e+00   4.8200250e+01
   4.8488565e+00   1.4812478e+00   4.8300000e+01
   4.8691825e+00   1.4822275e+00   4.8400250e+01
   4.8588737e+00   1.4831938e+00   4.8500000e+01
   4.8644678e+00   1.4842008e+00   4.8600250e+01
   4.8633620e+00   1.4852217e+00   4.8700250e+01
   4.8916547e+00   1.4862153e+00   4.8800000e+01
   4.8839641e+00   1.4872020e+00   4.8900250e+01
   4.8722249e+00   1.4882089e+00   4.9000000e+01
   4.8871995e+00   1.4891962e+00   4.9100250e+01
   4.8941921e+00   1.4901759e+00   4.9200250e+01
   4.8958029e+00   1.4911759e+00   4.9300000e+01
   4.8947290e+00   1.4921834e+00   4.9400250e+01
   4.8976398e+00   1.4931973e+00   4.9500000e+01
   4.9073157e+00   1.4941701e+00   4.9600250e+01
   4.9182252e+00   1.4951846e+00   4.9700250e+01
   4.9292012e+00   1.4961712e+00   4.9800000e+01
   4.9121772e+00   1.4971579e+00   4.9900250e+01
   4.9244546e+00   1.4981579e+00   5.0000000e+01
   4.9300640e+00   1.4991584e+00   5.0100250e+01
   4.9423248e+00   1.5001654e+00   5.0200250e+01
   4.9306508e+00   1.5011451e+00   5.0300000e+01
   4.9535450e+00   1.5021660e+00   5.0400250e+01
   4.9698695e+00   1.5031463e+00   5.0500000e+01
   4.9408622e+00   1.5041259e+00   5.0600250e+01
   4.9584730e+00   1.5051259e+00   5.0700250e+01
   4.9640657e+00   1.5061335e+00   5.0800000e+01
   4.9683265e+00   1.5071405e+00   5.0900250e+01
   4.9606511e+00   1.5081207e+00   5.1000000e+01
   4.9916118e+00   1.5091138e+00   5.1100250e+01
   4.9718394e+00   1.5101346e+00   5.1200250e+01
   4.9828473e+00   1.5111080e+00   5.1300000e+01
   4.9911399e+00   1.5121016e+00   5.1400250e+01
   4.9927341e+00   1.5131085e+00   5.1500000e+01
   4.9890268e+00   1.5141021e+00   5.1600250e+01
   4.9959376e+00   1.5151161e+00   5.1700250e+01
   5.0189469e+00   1.5160888e+00   5.1800000e+01
   5.0018896e+00   1.5170894e+00   5.1900250e+01
   5.0168323e+00   1.5180900e+00   5.2000000e+01
   5.0331417e+00   1.5190766e+00   5.2100250e+01
   5.0414191e+00   1.5200766e+00   5.2200250e+01
   5.0403452e+00   1.5210842e+00   5.2300000e+01
   5.0219559e+00   1.5220842e+00   5.2400250e+01
   5.0462819e+00   1.5230638e+00   5.2500000e+01
   5.0278747e+00   1.5240714e+00   5.2600250e+01
   5.0588507e+00   1.5250580e+00   5.2700250e+01
   5.0551267e+00   1.5260586e+00   5.2800000e+01
   5.0447694e+00   1.5270453e+00   5.2900250e+01
   5.0623302e+00   1.5280662e+00   5.3000000e+01
   5.0639895e+00   1.5290459e+00   5.3100250e+01
   5.0789337e+00   1.5300459e+00   5.3200250e+01
   5.0512097e+00   1.5310464e+00   5.3300000e+01
   5.0968357e+00   1.5320400e+00   5.3400250e+01
   5.0798117e+00   1.5330267e+00   5.3500000e+01
   5.0827711e+00   1.5340203e+00   5.3600250e+01
   5.0936819e+00   1.5350342e+00   5.3700250e+01
   5.1059427e+00   1.5360412e+00   5.3800000e+01
   5.1102687e+00   1.5370209e+00   5.3900250e+01
   5.0865933e+00   1.5380012e+00   5.4000000e+01
   5.1202041e+00   1.5390012e+00   5.4100250e+01
   5.1057483e+00   1.5400290e+00   5.4200250e+01
   5.1300895e+00   1.5410023e+00   5.4300000e+01
   5.1170336e+00   1.5420023e+00   5.4400250e+01
   5.1399597e+00   1.5430099e+00   5.4500000e+01
   5.1069357e+00   1.5439965e+00   5.4600250e+01
   5.1286116e+00   1.5449692e+00   5.4700250e+01
   5.1355391e+00   1.5459762e+00   5.4800000e+01
   5.1384485e+00   1.5469907e+00   5.4900250e+01
   5.1334093e+00   1.5479837e+00   5.5000000e+01
   5.1483853e+00   1.5489704e+00   5.5100250e+01
   5.1633114e+00   1.5499779e+00   5.5200250e+01
   5.1382541e+00   1.5509785e+00   5.5300000e+01
   5.1732634e+00   1.5519512e+00   5.5400250e+01
   5.1668727e+00   1.5529518e+00   5.5500000e+01
   5.1524669e+00   1.5539588e+00   5.5600250e+01
   5.1820929e+00   1.5549524e+00   5.5700250e+01
   5.1677037e+00   1.5559524e+00   5.5800000e+01
   5.1892964e+00   1.5569600e+00   5.5900250e+01
   5.1909557e+00   1.5579396e+00   5.6000000e+01
   5.1925984e+00   1.5589263e+00   5.6100250e+01
   5.2022244e+00   1.5599199e+00   5.6200250e+01
   5.1904686e+00   1.5609338e+00   5.6300000e+01
   5.2173961e+00   1.5619408e+00   5.6400250e+01
   5.2030706e+00   1.5629141e+00   5.6500000e+01
   5.2046647e+00   1.5639211e+00   5.6600250e+01
   5.2236075e+00   1.5649216e+00   5.6700250e+01
   5.2332335e+00   1.5659153e+00   5.6800000e+01
   5.2029094e+00   1.5668880e+00   5.6900250e+01
   5.2244869e+00   1.5679019e+00   5.7000000e+01
   5.2420963e+00   1.5689025e+00   5.7100250e+01
   5.2357057e+00   1.5699031e+00   5.7200250e+01
   5.2320317e+00   1.5708828e+00   5.7300000e+01
   5.2496258e+00   1.5718897e+00   5.7400250e+01
   5.2499185e+00   1.5728833e+00   5.7500000e+01
   5.2422278e+00   1.5738700e+00   5.7600250e+01
   5.2624886e+00   1.5748770e+00   5.7700250e+01
   5.2454147e+00   1.5758845e+00   5.7800000e+01
   5.2576922e+00   1.5768845e+00   5.7900250e+01
   5.2566668e+00   1.5778717e+00   5.8000000e+01
   5.2702775e+00   1.5788717e+00   5.8100250e+01
   5.2746035e+00   1.5798514e+00   5.8200250e+01
   5.2628796e+00   1.5808520e+00   5.8300000e+01
   5.2911556e+00   1.5818526e+00   5.8400250e+01
   5.2887498e+00   1.5828595e+00   5.8500000e+01
   5.2890591e+00   1.5838462e+00   5.8600250e+01
   5.2946851e+00   1.5848398e+00   5.8700250e+01
   5.3003278e+00   1.5858265e+00   5.8800000e+01
   5.3005719e+00   1.5868404e+00   5.8900250e+01
   5.3062146e+00   1.5878270e+00   5.9000000e+01
   5.3265073e+00   1.5888207e+00   5.9100250e+01
   5.3040848e+00   1.5898346e+00   5.9200250e+01
   5.3176775e+00   1.5908421e+00   5.9300000e+01
   5.3340035e+00   1.5918218e+00   5.9400250e+01
   5.3303295e+00   1.5928015e+00   5.9500000e+01
   5.3239555e+00   1.5937951e+00   5.9600250e+01
   5.3481830e+00   1.5948160e+00   5.9700250e+01
   5.3551424e+00   1.5958096e+00   5.9800000e+01
   5.3341184e+00   1.5967963e+00   5.9900250e+01
   5.3543792e+00   1.5978033e+00   6.0000000e+01
   5.3466719e+00   1.5987969e+00   6.0100250e+01
   5.3643312e+00   1.5997766e+00   6.0200250e+01
   5.3552739e+00   1.6007771e+00   6.0300000e+01
   5.3648681e+00   1.6017841e+00   6.0400250e+01
   5.3611607e+00   1.6027777e+00   6.0500000e+01
   5.3574382e+00   1.6037777e+00   6.0600250e+01
   5.3803809e+00   1.6047783e+00   6.0700250e+01
   5.3753569e+00   1.6057649e+00   6.0800000e+01
   5.3756829e+00   1.6067446e+00   6.0900250e+01
   5.3865923e+00   1.6077591e+00   6.1000000e+01
   5.3948698e+00   1.6087591e+00   6.1100250e+01
   5.4045124e+00   1.6097458e+00   6.1200250e+01
   5.3928051e+00   1.6107394e+00   6.1300000e+01
   5.4263660e+00   1.6117603e+00   6.1400250e+01
   5.4053586e+00   1.6127400e+00   6.1500000e+01
   5.4123665e+00   1.6137133e+00   6.1600250e+01
   5.4072940e+00   1.6147203e+00   6.1700250e+01
   5.4275381e+00   1.6157342e+00   6.1800000e+01
   5.4237975e+00   1.6167417e+00   6.1900250e+01
   5.4188235e+00   1.6177075e+00   6.2000000e+01
   5.4377177e+00   1.6187284e+00   6.2100250e+01
   5.4180270e+00   1.6197150e+00   6.2200250e+01
   5.4370030e+00   1.6207017e+00   6.2300000e+01
   5.4453123e+00   1.6216883e+00   6.2400250e+01
   5.4402218e+00   1.6227028e+00   6.2500000e+01
   5.4351492e+00   1.6237098e+00   6.2600250e+01
   5.4554419e+00   1.6247034e+00   6.2700250e+01
   5.4544179e+00   1.6256901e+00   6.2800000e+01
   5.4506787e+00   1.6266970e+00   6.2900250e+01
   5.4710199e+00   1.6276703e+00   6.3000000e+01
   5.4672974e+00   1.6286703e+00   6.3100250e+01
   5.4822235e+00   1.6296779e+00   6.3200250e+01
   5.4705175e+00   1.6306709e+00   6.3300000e+01
   5.4841269e+00   1.6316715e+00   6.3400250e+01
   5.4830697e+00   1.6326721e+00   6.3500000e+01
   5.4926957e+00   1.6336657e+00   6.3600250e+01
   5.5116883e+00   1.6346454e+00   6.3700250e+01
   5.5039810e+00   1.6356390e+00   6.3800000e+01
   5.5055419e+00   1.6366599e+00   6.3900250e+01
   5.4938193e+00   1.6376599e+00   6.4000000e+01
   5.5167953e+00   1.6386465e+00   6.4100250e+01
   5.5131046e+00   1.6396332e+00   6.4200250e+01
   5.5000307e+00   1.6406407e+00   6.4300000e+01
   5.5296415e+00   1.6416407e+00   6.4400250e+01
   5.5099827e+00   1.6426140e+00   6.4500000e+01
   5.5329102e+00   1.6436210e+00   6.4600250e+01
   5.5238210e+00   1.6446349e+00   6.4700250e+01
   5.5440804e+00   1.6456425e+00   6.4800000e+01
   5.5324397e+00   1.6466082e+00   6.4900250e+01
   5.5500657e+00   1.6476019e+00   6.5000000e+01
   5.5463584e+00   1.6485955e+00   6.5100250e+01
   5.5505859e+00   1.6496164e+00   6.5200250e+01
   5.5629119e+00   1.6505961e+00   6.5300000e+01
   5.5538546e+00   1.6515966e+00   6.5400250e+01
   5.5727821e+00   1.6526036e+00   6.5500000e+01
   5.5624414e+00   1.6535833e+00   6.5600250e+01
   5.5720674e+00   1.6545769e+00   6.5700250e+01
   5.5723601e+00   1.6555705e+00   6.5800000e+01
   5.5819695e+00   1.6565711e+00   6.5900250e+01
   5.5742303e+00   1.6575781e+00   6.6000000e+01
   5.5931578e+00   1.6585850e+00   6.6100250e+01
   5.5974671e+00   1.6595717e+00   6.6200250e+01
   5.5844417e+00   1.6605589e+00   6.6300000e+01
   5.5954191e+00   1.6615450e+00   6.6400250e+01
   5.5996785e+00   1.6625525e+00   6.6500000e+01
   5.5892879e+00   1.6635531e+00   6.6600250e+01
   5.6215820e+00   1.6645461e+00   6.6700250e+01
   5.6031747e+00   1.6655537e+00   6.6800000e+01
   5.6141022e+00   1.6665607e+00   6.6900250e+01
   5.6330782e+00   1.6675473e+00   6.7000000e+01
   5.6347860e+00   1.6685067e+00   6.7100250e+01
   5.6256802e+00   1.6695276e+00   6.7200250e+01
   5.6312743e+00   1.6705345e+00   6.7300000e+01
   5.6449004e+00   1.6715281e+00   6.7400250e+01
   5.6278930e+00   1.6725078e+00   6.7500000e+01
   5.6428025e+00   1.6735223e+00   6.7600250e+01
   5.6470799e+00   1.6745223e+00   6.7700250e+01
   5.6514211e+00   1.6754956e+00   6.7800000e+01
   5.6410485e+00   1.6764887e+00   6.7900250e+01
   5.6546246e+00   1.6775032e+00   6.8000000e+01
   5.6669021e+00   1.6785032e+00   6.8100250e+01
   5.6471781e+00   1.6795038e+00   6.8200250e+01
   5.6728208e+00   1.6804904e+00   6.8300000e+01
   5.6797635e+00   1.6814910e+00   6.8400250e+01
   5.6707728e+00   1.6824637e+00   6.8500000e+01
   5.6737003e+00   1.6834707e+00   6.8600250e+01
   5.6873097e+00   1.6844713e+00   6.8700250e+01
   5.6902371e+00   1.6854782e+00   6.8800000e+01
   5.6825465e+00   1.6864649e+00   6.8900250e+01
   5.7001392e+00   1.6874724e+00   6.9000000e+01
   5.7017819e+00   1.6884591e+00   6.9100250e+01
   5.7087579e+00   1.6894457e+00   6.9200250e+01
   5.7050672e+00   1.6904324e+00   6.9300000e+01
   5.6986281e+00   1.6914533e+00   6.9400250e+01
   5.7255555e+00   1.6924602e+00   6.9500000e+01
   5.7058801e+00   1.6934405e+00   6.9600250e+01
   5.7381575e+00   1.6944405e+00   6.9700250e+01
   5.7131003e+00   1.6954411e+00   6.9800000e+01
   5.7213930e+00   1.6964347e+00   6.9900250e+01
   5.7204189e+00   1.6974005e+00   7.0000000e+01
   5.7339797e+00   1.6984214e+00   7.0100250e+01
   5.7262391e+00   1.6994289e+00   7.0200250e+01
   5.7411833e+00   1.7004289e+00   7.0300000e+01
   5.7561759e+00   1.7014086e+00   7.0400250e+01
   5.7324686e+00   1.7024022e+00   7.0500000e+01
   5.7394279e+00   1.7033958e+00   7.0600250e+01
   5.7583540e+00   1.7044034e+00   7.0700250e+01
   5.7639814e+00   1.7053964e+00   7.0800000e+01
   5.7629242e+00   1.7063970e+00   7.0900250e+01
   5.7658669e+00   1.7073976e+00   7.1000000e+01
   5.7728276e+00   1.7083906e+00   7.1100250e+01
   5.7691370e+00   1.7093772e+00   7.1200250e+01
   5.7880963e+00   1.7103709e+00   7.1300000e+01
   5.7977223e+00   1.7113645e+00   7.1400250e+01
   5.7699831e+00   1.7123714e+00   7.1500000e+01
   5.7982259e+00   1.7133860e+00   7.1600250e+01
   5.8025353e+00   1.7143726e+00   7.1700250e+01
   5.8041946e+00   1.7153523e+00   7.1800000e+01
   5.7844873e+00   1.7163459e+00   7.1900250e+01
   5.8127314e+00   1.7173598e+00   7.2000000e+01
   5.8103741e+00   1.7183465e+00   7.2100250e+01
   5.8133334e+00   1.7193401e+00   7.2200250e+01
   5.8095776e+00   1.7203540e+00   7.2300000e+01
   5.8218537e+00   1.7213546e+00   7.2400250e+01
   5.8208629e+00   1.7223273e+00   7.2500000e+01
   5.8105222e+00   1.7233070e+00   7.2600250e+01
   5.8400997e+00   1.7243210e+00   7.2700250e+01
   5.8363425e+00   1.7253355e+00   7.2800000e+01
   5.8379699e+00   1.7263285e+00   7.2900250e+01
   5.8396126e+00   1.7273151e+00   7.3000000e+01
   5.8518720e+00   1.7283227e+00   7.3100250e+01
   5.8348314e+00   1.7293163e+00   7.3200250e+01
   5.8684907e+00   1.7302960e+00   7.3300000e+01
   5.8647681e+00   1.7312960e+00   7.3400250e+01
   5.8437275e+00   1.7322896e+00   7.3500000e+01
   5.8599716e+00   1.7333035e+00   7.3600250e+01
   5.8629310e+00   1.7342972e+00   7.3700250e+01
   5.8725404e+00   1.7352977e+00   7.3800000e+01
   5.8688497e+00   1.7362844e+00   7.3900250e+01
   5.8718590e+00   1.7372571e+00   7.4000000e+01
   5.8800865e+00   1.7382780e+00   7.4100250e+01
   5.8670292e+00   1.7392786e+00   7.4200250e+01
   5.9006719e+00   1.7402652e+00   7.4300000e+01
   5.8996146e+00   1.7412658e+00   7.4400250e+01
   5.8785254e+00   1.7422797e+00   7.4500000e+01
   5.8908514e+00   1.7432594e+00   7.4600250e+01
   5.9058274e+00   1.7442461e+00   7.4700250e+01
   5.9021367e+00   1.7452327e+00   7.4800000e+01
   5.9036976e+00   1.7462536e+00   7.4900250e+01
   5.9239570e+00   1.7472612e+00   7.5000000e+01
   5.9123329e+00   1.7482200e+00   7.5100250e+01
   5.9232423e+00   1.7492345e+00   7.5200250e+01
   5.9275198e+00   1.7502345e+00   7.5300000e+01
   5.9291458e+00   1.7512281e+00   7.5400250e+01
   5.9228218e+00   1.7522008e+00   7.5500000e+01
   5.9270645e+00   1.7532153e+00   7.5600250e+01
   5.9486254e+00   1.7542362e+00   7.5700250e+01
   5.9235861e+00   1.7552293e+00   7.5800000e+01
   5.9479107e+00   1.7562095e+00   7.5900250e+01
   5.9428715e+00   1.7572026e+00   7.6000000e+01
   5.9444809e+00   1.7582031e+00   7.6100250e+01
   5.9634569e+00   1.7591898e+00   7.6200250e+01
   5.9557163e+00   1.7601973e+00   7.6300000e+01
   5.9773270e+00   1.7611973e+00   7.6400250e+01
   5.9576197e+00   1.7621909e+00   7.6500000e+01
   5.9712458e+00   1.7631846e+00   7.6600250e+01
   5.9622065e+00   1.7641776e+00   7.6700250e+01
   5.9745158e+00   1.7651642e+00   7.6800000e+01
   5.9761252e+00   1.7661648e+00   7.6900250e+01
   5.9803694e+00   1.7671788e+00   7.7000000e+01
   5.9899954e+00   1.7681724e+00   7.7100250e+01
   5.9769548e+00   1.7691660e+00   7.7200250e+01
   6.0145974e+00   1.7701526e+00   7.7300000e+01
   5.9868735e+00   1.7711532e+00   7.7400250e+01
   6.0044843e+00   1.7721532e+00   7.7500000e+01
   6.0101269e+00   1.7731399e+00   7.7600250e+01
   6.0050697e+00   1.7741405e+00   7.7700250e+01
   6.0133471e+00   1.7751405e+00   7.7800000e+01
   6.0016065e+00   1.7761480e+00   7.7900250e+01
   6.0379810e+00   1.7771074e+00   7.8000000e+01
   6.0115918e+00   1.7781074e+00   7.8100250e+01
   6.0224527e+00   1.7791422e+00   7.8200250e+01
   6.0347301e+00   1.7801422e+00   7.8300000e+01
   6.0350714e+00   1.7811155e+00   7.8400250e+01
   6.0273322e+00   1.7821225e+00   7.8500000e+01
   6.0382582e+00   1.7831300e+00   7.8600250e+01
   6.0492842e+00   1.7840958e+00   7.8700250e+01
   6.0242269e+00   1.7850963e+00   7.8800000e+01
   6.0565029e+00   1.7860969e+00   7.8900250e+01
   6.0647637e+00   1.7871039e+00   7.9000000e+01
   6.0490731e+00   1.7880905e+00   7.9100250e+01
   6.0640005e+00   1.7890975e+00   7.9200250e+01
   6.0616266e+00   1.7900911e+00   7.9300000e+01
   6.0779359e+00   1.7910778e+00   7.9400250e+01
   6.0569119e+00   1.7920644e+00   7.9500000e+01
   6.0838380e+00   1.7930720e+00   7.9600250e+01
   6.0774487e+00   1.7940720e+00   7.9700250e+01
   6.0670914e+00   1.7950586e+00   7.9800000e+01
   6.0793508e+00   1.7960662e+00   7.9900250e+01
   6.0915950e+00   1.7970801e+00   8.0000000e+01
   6.0879376e+00   1.7980528e+00   8.0100250e+01
   6.0842469e+00   1.7990395e+00   8.0200250e+01
   6.1151897e+00   1.8000400e+00   8.0300000e+01
   6.0861171e+00   1.8010470e+00   8.0400250e+01
   6.1117431e+00   1.8020406e+00   8.0500000e+01
   6.1147510e+00   1.8030139e+00   8.0600250e+01
   6.1189467e+00   1.8040482e+00   8.0700250e+01
   6.1018894e+00   1.8050488e+00   8.0800000e+01
   6.1195653e+00   1.8060215e+00   8.0900250e+01
   6.1451914e+00   1.8070151e+00   8.1000000e+01
   6.1201022e+00   1.8080290e+00   8.1100250e+01
   6.1283949e+00   1.8090226e+00   8.1200250e+01
   6.1447042e+00   1.8100093e+00   8.1300000e+01
   6.1516150e+00   1.8110232e+00   8.1400250e+01
   6.1372730e+00   1.8120035e+00   8.1500000e+01
   6.1482822e+00   1.8129762e+00   8.1600250e+01
   6.1471931e+00   1.8139901e+00   8.1700250e+01
   6.1460873e+00   1.8150110e+00   8.1800000e+01
   6.1557299e+00   1.8159977e+00   8.1900250e+01
   6.1693726e+00   1.8169843e+00   8.2000000e+01
   6.1549653e+00   1.8179919e+00   8.2100250e+01
   6.1712594e+00   1.8189849e+00   8.2200250e+01
   6.1689340e+00   1.8199582e+00   8.2300000e+01
   6.1718614e+00   1.8209652e+00   8.2400250e+01
   6.1614542e+00   1.8219727e+00   8.2500000e+01
   6.1923817e+00   1.8229797e+00   8.2600250e+01
   6.1767076e+00   1.8239594e+00   8.2700250e+01
   6.1783503e+00   1.8249460e+00   8.2800000e+01
   6.1773097e+00   1.8259396e+00   8.2900250e+01
   6.2068871e+00   1.8269536e+00   8.3000000e+01
   6.1992617e+00   1.8279129e+00   8.3100250e+01
   6.1954725e+00   1.8289408e+00   8.3200250e+01
   6.2036834e+00   1.8299687e+00   8.3300000e+01
   6.1960094e+00   1.8309483e+00   8.3400250e+01
   6.2203673e+00   1.8319147e+00   8.3500000e+01
   6.2086281e+00   1.8329216e+00   8.3600250e+01
   6.2155708e+00   1.8339222e+00   8.3700250e+01
   6.2131815e+00   1.8349222e+00   8.3800000e+01
   6.2347909e+00   1.8359228e+00   8.3900250e+01
   6.2417503e+00   1.8369164e+00   8.4000000e+01
   6.2113611e+00   1.8379164e+00   8.4100250e+01
   6.2290190e+00   1.8388967e+00   8.4200250e+01
   6.2452964e+00   1.8398967e+00   8.4300000e+01
   6.2335891e+00   1.8408903e+00   8.4400250e+01
   6.2565152e+00   1.8418979e+00   8.4500000e+01
   6.2354912e+00   1.8428845e+00   8.4600250e+01
   6.2570534e+00   1.8439048e+00   8.4700250e+01
   6.2453780e+00   1.8448851e+00   8.4800000e+01
   6.2763388e+00   1.8458781e+00   8.4900250e+01
   6.2633300e+00   1.8468584e+00   8.5000000e+01
   6.2555575e+00   1.8478793e+00   8.5100250e+01
   6.2745502e+00   1.8488590e+00   8.5200250e+01
   6.2774777e+00   1.8498659e+00   8.5300000e+01
   6.2777537e+00   1.8508665e+00   8.5400250e+01
   6.2673631e+00   1.8518671e+00   8.5500000e+01
   6.2890390e+00   1.8528398e+00   8.5600250e+01
   6.2813317e+00   1.8538334e+00   8.5700250e+01
   6.2882093e+00   1.8548613e+00   8.5800000e+01
   6.2938034e+00   1.8558683e+00   8.5900250e+01
   6.3008127e+00   1.8568410e+00   8.6000000e+01
   6.2891054e+00   1.8578346e+00   8.6100250e+01
   6.2960162e+00   1.8588485e+00   8.6200250e+01
   6.3083408e+00   1.8598288e+00   8.6300000e+01
   6.3060001e+00   1.8608085e+00   8.6400250e+01
   6.3142775e+00   1.8618085e+00   8.6500000e+01
   6.3318537e+00   1.8628230e+00   8.6600250e+01
   6.3041630e+00   1.8638096e+00   8.6700250e+01
   6.3137738e+00   1.8648096e+00   8.6800000e+01
   6.3260332e+00   1.8658172e+00   8.6900250e+01
   6.3463591e+00   1.8667969e+00   8.7000000e+01
   6.3093351e+00   1.8677835e+00   8.7100250e+01
   6.3402293e+00   1.8688044e+00   8.7200250e+01
   6.3511887e+00   1.8697980e+00   8.7300000e+01
   6.3381647e+00   1.8707847e+00   8.7400250e+01
   6.3517907e+00   1.8717783e+00   8.7500000e+01
   6.3400349e+00   1.8727922e+00   8.7600250e+01
   6.3670109e+00   1.8737789e+00   8.7700250e+01
   6.3406868e+00   1.8747516e+00   8.7800000e+01
   6.3715977e+00   1.8757655e+00   8.7900250e+01
   6.3651904e+00   1.8767731e+00   8.8000000e+01
   6.3654831e+00   1.8777667e+00   8.8100250e+01
   6.3684591e+00   1.8787533e+00   8.8200250e+01
   6.3713866e+00   1.8797603e+00   8.8300000e+01
   6.3770126e+00   1.8807539e+00   8.8400250e+01
   6.3826553e+00   1.8817406e+00   8.8500000e+01
   6.4016146e+00   1.8827342e+00   8.8600250e+01
   6.3952087e+00   1.8837411e+00   8.8700250e+01
   6.3861515e+00   1.8847417e+00   8.8800000e+01
   6.4091108e+00   1.8857353e+00   8.8900250e+01
   6.4094202e+00   1.8867220e+00   8.9000000e+01
   6.4003643e+00   1.8877220e+00   8.9100250e+01
   6.3886736e+00   1.8887086e+00   8.9200250e+01
   6.4169178e+00   1.8897226e+00   8.9300000e+01
   6.4091938e+00   1.8907232e+00   8.9400250e+01
   6.4054865e+00   1.8917168e+00   8.9500000e+01
   6.4217626e+00   1.8927174e+00   8.9600250e+01
   6.4140719e+00   1.8937040e+00   8.9700250e+01
   6.4277146e+00   1.8946907e+00   8.9800000e+01
   6.4200086e+00   1.8956837e+00   8.9900250e+01
   6.4349514e+00   1.8966843e+00   9.0000000e+01
   6.4152122e+00   1.8976912e+00   9.0100250e+01
   6.4461216e+00   1.8987057e+00   9.0200250e+01
   6.4451309e+00   1.8996785e+00   9.0300000e+01
   6.4387569e+00   1.9006721e+00   9.0400250e+01
   6.4550662e+00   1.9016587e+00   9.0500000e+01
   6.4473270e+00   1.9026657e+00   9.0600250e+01
   6.4649364e+00   1.9036663e+00   9.0700250e+01
   6.4425458e+00   1.9046669e+00   9.0800000e+01
   6.4721566e+00   1.9056669e+00   9.0900250e+01
   6.4710827e+00   1.9066744e+00   9.1000000e+01
   6.4634253e+00   1.9076471e+00   9.1100250e+01
   6.4704179e+00   1.9086268e+00   9.1200250e+01
   6.4799954e+00   1.9096407e+00   9.1300000e+01
   6.4802548e+00   1.9106483e+00   9.1400250e+01
   6.4725642e+00   1.9116349e+00   9.1500000e+01
   6.4755083e+00   1.9126349e+00   9.1600250e+01
   6.4837677e+00   1.9136425e+00   9.1700250e+01
   6.4854436e+00   1.9146152e+00   9.1800000e+01
   6.5030697e+00   1.9156088e+00   9.1900250e+01
   6.4819971e+00   1.9166158e+00   9.2000000e+01
   6.4969232e+00   1.9176233e+00   9.2100250e+01
   6.4918992e+00   1.9186100e+00   9.2200250e+01
   6.5294767e+00   1.9196239e+00   9.2300000e+01
   6.5111027e+00   1.9206175e+00   9.2400250e+01
   6.5060954e+00   1.9215972e+00   9.2500000e+01
   6.5304213e+00   1.9225769e+00   9.2600250e+01
   6.5159822e+00   1.9235978e+00   9.2700250e+01
   6.5255916e+00   1.9245984e+00   9.2800000e+01
   6.5205676e+00   1.9255850e+00   9.2900250e+01
   6.5354950e+00   1.9265920e+00   9.3000000e+01
   6.5277877e+00   1.9275856e+00   9.3100250e+01
   6.5427804e+00   1.9285653e+00   9.3200250e+01
   6.5564064e+00   1.9295589e+00   9.3300000e+01
   6.5433491e+00   1.9305595e+00   9.3400250e+01
   6.5409266e+00   1.9315734e+00   9.3500000e+01
   6.5505526e+00   1.9325670e+00   9.3600250e+01
   6.5548453e+00   1.9335607e+00   9.3700250e+01
   6.5444714e+00   1.9345543e+00   9.3800000e+01
   6.5554474e+00   1.9355409e+00   9.3900250e+01
   6.5743915e+00   1.9365409e+00   9.4000000e+01
   6.5640341e+00   1.9375276e+00   9.4100250e+01
   6.5775950e+00   1.9385485e+00   9.4200250e+01
   6.5698877e+00   1.9395421e+00   9.4300000e+01
   6.5781804e+00   1.9405357e+00   9.4400250e+01
   6.5758397e+00   1.9415154e+00   9.4500000e+01
   6.5841157e+00   1.9425160e+00   9.4600250e+01
   6.5923932e+00   1.9435160e+00   9.4700250e+01
   6.5900192e+00   1.9445096e+00   9.4800000e+01
   6.5995967e+00   1.9455235e+00   9.4900250e+01
   6.6012394e+00   1.9465102e+00   9.5000000e+01
   6.5908487e+00   1.9475107e+00   9.5100250e+01
   6.6124914e+00   1.9484974e+00   9.5200250e+01
   6.6234189e+00   1.9495044e+00   9.5300000e+01
   6.5970768e+00   1.9504846e+00   9.5400250e+01
   6.6213542e+00   1.9514846e+00   9.5500000e+01
   6.6149636e+00   1.9524852e+00   9.5600250e+01
   6.6338745e+00   1.9534991e+00   9.5700250e+01
   6.6182004e+00   1.9544788e+00   9.5800000e+01
   6.6305098e+00   1.9554655e+00   9.5900250e+01
   6.6334525e+00   1.9564660e+00   9.6000000e+01
   6.6270633e+00   1.9574660e+00   9.6100250e+01
   6.6460226e+00   1.9584597e+00   9.6200250e+01
   6.6396320e+00   1.9594602e+00   9.6300000e+01
   6.6425595e+00   1.9604672e+00   9.6400250e+01
   6.6561855e+00   1.9614608e+00   9.6500000e+01
   6.6605267e+00   1.9624341e+00   9.6600250e+01
   6.6528042e+00   1.9634341e+00   9.6700250e+01
   6.6330802e+00   1.9644347e+00   9.6800000e+01
   6.6826577e+00   1.9654486e+00   9.6900250e+01
   6.6602837e+00   1.9664423e+00   9.7000000e+01
   6.6592764e+00   1.9674219e+00   9.7100250e+01
   6.6808691e+00   1.9684295e+00   9.7200250e+01
   6.6558132e+00   1.9694295e+00   9.7300000e+01
   6.6841392e+00   1.9704092e+00   9.7400250e+01
   6.6657652e+00   1.9714028e+00   9.7500000e+01
   6.6900260e+00   1.9724098e+00   9.7600250e+01
   6.6796521e+00   1.9734034e+00   9.7700250e+01
   6.6745629e+00   1.9744173e+00   9.7800000e+01
   6.7095375e+00   1.9754045e+00   9.7900250e+01
   6.6991649e+00   1.9763976e+00   9.8000000e+01
   6.6981562e+00   1.9773778e+00   9.8100250e+01
   6.6957337e+00   1.9783918e+00   9.8200250e+01
   6.7146778e+00   1.9793918e+00   9.8300000e+01
   6.7109871e+00   1.9803784e+00   9.8400250e+01
   6.7005798e+00   1.9813860e+00   9.8500000e+01
   6.7288573e+00   1.9823860e+00   9.8600250e+01
   6.7131819e+00   1.9833662e+00   9.8700250e+01
   6.7308093e+00   1.9843593e+00   9.8800000e+01
   6.7270853e+00   1.9853598e+00   9.8900250e+01
   6.7380114e+00   1.9863674e+00   9.9000000e+01
   6.7303221e+00   1.9873535e+00   9.9100250e+01
   6.7385815e+00   1.9883610e+00   9.9200250e+01
   6.7561909e+00   1.9893616e+00   9.9300000e+01
   6.7205003e+00   1.9903482e+00   9.9400250e+01
   6.7501429e+00   1.9913349e+00   9.9500000e+01
   6.7477703e+00   1.9923279e+00   9.9600250e+01
   6.7653465e+00   1.9933424e+00   9.9700250e+01
   6.7589725e+00   1.9943360e+00   9.9800000e+01
   6.7632499e+00   1.9953360e+00   9.9900250e+01
   6.7808926e+00   1.9963227e+00   1.0000000e+02
   6.7492019e+00   1.9973093e+00   1.0010025e+02
   6.7801613e+00   1.9983030e+00   1.0020025e+02
   6.7777554e+00   1.9993099e+00   1.0030000e+02
   6.7840207e+00   2.0000360e+00   1.0037225e+02
   6.7813041e+00   2.0000569e+00   1.0037400e+02
