   3.1999083e-01   1.0055844e+00   9.9970000e-02
   6.6216512e-01   1.0119292e+00   1.9997000e-01
   1.0290272e+00   1.0179861e+00   2.9997000e-01
   1.3479877e+00   1.0240017e+00   4.0000000e-01
   1.6136302e+00   1.0300110e+00   5.0000000e-01
   1.8740059e+00   1.0359925e+00   5.9997000e-01
   2.1010482e+00   1.0419739e+00   6.9997000e-01
   2.3293740e+00   1.0479762e+00   7.9997000e-01
   2.5390830e+00   1.0539576e+00   9.0000000e-01
   2.7247421e+00   1.0599600e+00   1.0000000e+00
   2.9437026e+00   1.0659756e+00   1.0999700e+00
   3.1053617e+00   1.0719779e+00   1.1999700e+00
   3.2950208e+00   1.0779803e+00   1.2999700e+00
   3.4913632e+00   1.0839756e+00   1.4000000e+00
   3.6277555e+00   1.0899501e+00   1.5000000e+00
   3.7801146e+00   1.0959385e+00   1.5999700e+00
   3.9337418e+00   1.1019541e+00   1.6999700e+00
   4.0714327e+00   1.1079431e+00   1.7999700e+00
   4.1904099e+00   1.1139518e+00   1.9000000e+00
   4.3360690e+00   1.1199541e+00   2.0000000e+00
   4.4844114e+00   1.1259495e+00   2.0999700e+00
   4.6021038e+00   1.1319379e+00   2.1999700e+00
   4.7277962e+00   1.1379263e+00   2.2999700e+00
   4.8294719e+00   1.1439216e+00   2.4000000e+00
   4.9617990e+00   1.1499234e+00   2.5000000e+00
   5.0514581e+00   1.1559257e+00   2.5999700e+00
   5.1504506e+00   1.1619280e+00   2.6999700e+00
   5.2827611e+00   1.1679367e+00   2.7999700e+00
   5.3724687e+00   1.1739187e+00   2.9000000e+00
   5.4647792e+00   1.1799275e+00   3.0000000e+00
   5.5784549e+00   1.1859228e+00   3.0999700e+00
   5.6654973e+00   1.1919042e+00   3.1999700e+00
   5.7352382e+00   1.1978723e+00   3.2999700e+00
   5.8234655e+00   1.2039158e+00   3.4000000e+00
   5.9064759e+00   1.2099106e+00   3.5000000e+00
   5.9988017e+00   1.2159129e+00   3.5999700e+00
   6.0898108e+00   1.2219083e+00   3.6999700e+00
   6.1874699e+00   1.2279106e+00   3.7999700e+00
   6.2425289e+00   1.2338851e+00   3.9000000e+00
   6.3295046e+00   1.2398944e+00   4.0000000e+00
   6.3938803e+00   1.2458758e+00   4.0999700e+00
   6.4501894e+00   1.2518851e+00   4.1999700e+00
   6.5331833e+00   1.2578868e+00   4.2999700e+00
   6.5961757e+00   1.2638891e+00   4.4000000e+00
   6.6938348e+00   1.2698915e+00   4.5000000e+00
   6.7688605e+00   1.2758799e+00   4.5999700e+00
   6.8199028e+00   1.2818613e+00   4.6999700e+00
   6.8855619e+00   1.2878636e+00   4.7999700e+00
   6.9285710e+00   1.2938590e+00   4.9000000e+00
   6.9889134e+00   1.2998543e+00   5.0000000e+00
   7.0572073e+00   1.3058700e+00   5.0999700e+00
   7.1215330e+00   1.3118723e+00   5.1999700e+00
   7.1805587e+00   1.3178607e+00   5.2999700e+00
   7.2209178e+00   1.3238491e+00   5.4000000e+00
   7.2959268e+00   1.3298445e+00   5.5000000e+00
   7.3416026e+00   1.3358398e+00   5.5999700e+00
   7.3872949e+00   1.3418282e+00   5.6999700e+00
   7.4462721e+00   1.3478369e+00   5.7999700e+00
   7.4785493e+00   1.3538595e+00   5.9000000e+00
   7.5562417e+00   1.3598479e+00   6.0000000e+00
   7.5899174e+00   1.3658433e+00   6.0999700e+00
   7.6702765e+00   1.3718317e+00   6.1999700e+00
   7.7172689e+00   1.3778340e+00   6.2999700e+00
   7.7402946e+00   1.3838224e+00   6.4000000e+00
   7.8046537e+00   1.3898108e+00   6.5000000e+00
   7.8396128e+00   1.3958270e+00   6.5999700e+00
   7.8879399e+00   1.4018288e+00   6.6999700e+00
   7.9349324e+00   1.4078311e+00   6.7999700e+00
   7.9832914e+00   1.4138195e+00   6.9000000e+00
   8.0276505e+00   1.4198079e+00   7.0000000e+00
   8.0679929e+00   1.4258033e+00   7.0999700e+00
   8.1229853e+00   1.4318056e+00   7.1999700e+00
   8.1540110e+00   1.4377940e+00   7.2999700e+00
   8.1810201e+00   1.4437893e+00   7.4000000e+00
   8.2333139e+00   1.4498050e+00   7.5000000e+00
   8.2856230e+00   1.4558143e+00   7.5999700e+00
   8.3179821e+00   1.4618027e+00   7.6999700e+00
   8.3596745e+00   1.4677911e+00   7.7999700e+00
   8.4147002e+00   1.4737795e+00   7.9000000e+00
   8.4310426e+00   1.4797748e+00   8.0000000e+00
   8.4633850e+00   1.4857702e+00   8.0999700e+00
   8.5037440e+00   1.4917586e+00   8.1999700e+00
   8.5453379e+00   1.4977882e+00   8.2999700e+00
   8.5543248e+00   1.5001654e+00   8.3400000e+00
   8.5500461e+00   1.5002821e+00   8.3419700e+00
