   1.8815072e-01   1.0027272e+00   9.9880000e-02
   3.6845749e-01   1.0059472e+00   2.0000000e-01
   4.9183861e-01   1.0089965e+00   3.0000000e-01
   6.7808331e-01   1.0119634e+00   4.0000000e-01
   8.0419765e-01   1.0149849e+00   5.0000000e-01
   9.4504384e-01   1.0179791e+00   5.9988000e-01
   1.0698567e+00   1.0209872e+00   7.0000000e-01
   1.1746710e+00   1.0239948e+00   8.0000000e-01
   1.2982491e+00   1.0269617e+00   9.0000000e-01
   1.3922816e+00   1.0300174e+00   1.0000000e+00
   1.5158596e+00   1.0329843e+00   1.0998800e+00
   1.5926559e+00   1.0359994e+00   1.2000000e+00
   1.6949006e+00   1.0389663e+00   1.3000000e+00
   1.7716982e+00   1.0419808e+00   1.4000000e+00
   1.8712111e+00   1.0449750e+00   1.5000000e+00
   1.9506907e+00   1.0479832e+00   1.5998800e+00
   2.0248383e+00   1.0509907e+00   1.7000000e+00
   2.1297497e+00   1.0539576e+00   1.8000000e+00
   2.1878307e+00   1.0569930e+00   1.9000000e+00
   2.2754087e+00   1.0599600e+00   2.0000000e+00
   2.3375231e+00   1.0629814e+00   2.0998800e+00
   2.4223859e+00   1.0659687e+00   2.2000000e+00
   2.4778655e+00   1.0689768e+00   2.3000000e+00
   2.5626950e+00   1.0719779e+00   2.4000000e+00
   2.6315898e+00   1.0749518e+00   2.5000000e+00
   2.6976875e+00   1.0779803e+00   2.5998800e+00
   2.7505836e+00   1.0809536e+00   2.7000000e+00
   2.8273479e+00   1.0839820e+00   2.8000000e+00
   2.8815926e+00   1.0869489e+00   2.9000000e+00
   2.9303737e+00   1.0899704e+00   3.0000000e+00
   3.0085851e+00   1.0929512e+00   3.0998800e+00
   3.0374146e+00   1.0959524e+00   3.2000000e+00
   3.1021956e+00   1.0989739e+00   3.3000000e+00
   3.1670903e+00   1.1019478e+00   3.4000000e+00
   3.2185380e+00   1.1049692e+00   3.5000000e+00
   3.2621161e+00   1.1079362e+00   3.5998800e+00
   3.3028971e+00   1.1109576e+00   3.7000000e+00
   3.3891099e+00   1.1139379e+00   3.8000000e+00
   3.4019228e+00   1.1169460e+00   3.9000000e+00
   3.4747357e+00   1.1199541e+00   4.0000000e+00
   3.5316151e+00   1.1229344e+00   4.0998800e+00
   3.5697129e+00   1.1259629e+00   4.2000000e+00
   3.6159742e+00   1.1289228e+00   4.3000000e+00
   3.6594205e+00   1.1319449e+00   4.4000000e+00
   3.7162833e+00   1.1349321e+00   4.5000000e+00
   3.7477476e+00   1.1379466e+00   4.5998800e+00
   3.7926105e+00   1.1409338e+00   4.7000000e+00
   3.8481219e+00   1.1439286e+00   4.8000000e+00
   3.8702695e+00   1.1469362e+00   4.9000000e+00
   3.9244657e+00   1.1499234e+00   5.0000000e+00
   3.9652620e+00   1.1529385e+00   5.0998800e+00
   4.0221733e+00   1.1559054e+00   5.2000000e+00
   4.0362225e+00   1.1589541e+00   5.3000000e+00
   4.0864672e+00   1.1619211e+00   5.4000000e+00
   4.1219634e+00   1.1649222e+00   5.5000000e+00
   4.1494430e+00   1.1679304e+00   5.5998800e+00
   4.2089558e+00   1.1709246e+00   5.7000000e+00
   4.2364202e+00   1.1739391e+00   5.8000000e+00
   4.2813482e+00   1.1768990e+00   5.9000000e+00
   4.2994459e+00   1.1799275e+00   6.0000000e+00
   4.3683406e+00   1.1829013e+00   6.0998800e+00
   4.3691050e+00   1.1859298e+00   6.2000000e+00
   4.4179844e+00   1.1889100e+00   6.3000000e+00
   4.4467973e+00   1.1919182e+00   6.4000000e+00
   4.4956269e+00   1.1949193e+00   6.5000000e+00
   4.5272215e+00   1.1978793e+00   6.5998800e+00
   4.5666041e+00   1.2009280e+00   6.7000000e+00
   4.6048806e+00   1.2038816e+00   6.8000000e+00
   4.6256131e+00   1.2069234e+00   6.9000000e+00
   4.6584912e+00   1.2099042e+00   7.0000000e+00
   4.6980041e+00   1.2128984e+00   7.0998800e+00
   4.7428502e+00   1.2158926e+00   7.2000000e+00
   4.7490298e+00   1.2188868e+00   7.3000000e+00
   4.7791275e+00   1.2219153e+00   7.4000000e+00
   4.8306736e+00   1.2248955e+00   7.5000000e+00
   4.8301046e+00   1.2279240e+00   7.5998800e+00
   4.8776827e+00   1.2308909e+00   7.7000000e+00
   4.8984956e+00   1.2338990e+00   7.8000000e+00
   4.9406585e+00   1.2369002e+00   7.9000000e+00
   4.9615046e+00   1.2398944e+00   8.0000000e+00
   4.9916523e+00   1.2429019e+00   8.0998800e+00
   5.0272137e+00   1.2458758e+00   8.2000000e+00
   5.0520113e+00   1.2488903e+00   8.3000000e+00
   5.0822227e+00   1.2518712e+00   8.4000000e+00
   5.0937189e+00   1.2548723e+00   8.5000000e+00
   5.1332151e+00   1.2578735e+00   8.5998800e+00
   5.1459962e+00   1.2608950e+00   8.7000000e+00
   5.1974924e+00   1.2638961e+00   8.8000000e+00
   5.2157537e+00   1.2668561e+00   8.9000000e+00
   5.2218514e+00   1.2698845e+00   9.0000000e+00
   5.2760476e+00   1.2728717e+00   9.0998800e+00
   5.2848119e+00   1.2759002e+00   9.2000000e+00
   5.3297233e+00   1.2788671e+00   9.3000000e+00
   5.3531876e+00   1.2818816e+00   9.4000000e+00
   5.3847324e+00   1.2848624e+00   9.5000000e+00
   5.3695786e+00   1.2878566e+00   9.5998800e+00
   5.4090096e+00   1.2908851e+00   9.7000000e+00
   5.4578891e+00   1.2938654e+00   9.8000000e+00
   5.4720187e+00   1.2968804e+00   9.9000000e+00
   5.4889467e+00   1.2998404e+00   1.0000000e+01
   5.5230444e+00   1.3028688e+00   1.0099880e+01
   5.5292572e+00   1.3058491e+00   1.0200000e+01
   5.5514034e+00   1.3088572e+00   1.0300000e+01
   5.5841844e+00   1.3118787e+00   1.0400000e+01
   5.6183958e+00   1.3148595e+00   1.0500000e+01
   5.6272101e+00   1.3178671e+00   1.0599880e+01
   5.6587715e+00   1.3208410e+00   1.0700000e+01
   5.6688692e+00   1.3238694e+00   1.0800000e+01
   5.7044306e+00   1.3268433e+00   1.0900000e+01
   5.7185616e+00   1.3298578e+00   1.1000000e+01
   5.7474244e+00   1.3328450e+00   1.1099880e+01
   5.7656026e+00   1.3358398e+00   1.1200000e+01
   5.7691002e+00   1.3388404e+00   1.1300000e+01
   5.8086130e+00   1.3418346e+00   1.1400000e+01
   5.8253926e+00   1.3448566e+00   1.1500000e+01
   5.8542887e+00   1.3478299e+00   1.1599880e+01
   5.8644183e+00   1.3508450e+00   1.1700000e+01
   5.8852812e+00   1.3538323e+00   1.1800000e+01
   5.9021107e+00   1.3568334e+00   1.1900000e+01
   5.9175750e+00   1.3598479e+00   1.2000000e+01
   5.9744365e+00   1.3628358e+00   1.2099880e+01
   5.9672508e+00   1.3658433e+00   1.2200000e+01
   6.0081289e+00   1.3688241e+00   1.2300000e+01
   6.0075932e+00   1.3718387e+00   1.2400000e+01
   6.0351379e+00   1.3748195e+00   1.2500000e+01
   6.0346022e+00   1.3778340e+00   1.2599880e+01
   6.0647818e+00   1.3808282e+00   1.2700000e+01
   6.0976446e+00   1.3838154e+00   1.2800000e+01
   6.0891075e+00   1.3868305e+00   1.2900000e+01
   6.1313203e+00   1.3898108e+00   1.3000000e+01
   6.1480847e+00   1.3928392e+00   1.3099880e+01
   6.1649628e+00   1.3958201e+00   1.3200000e+01
   6.1804105e+00   1.3988416e+00   1.3300000e+01
   6.1999718e+00   1.4018154e+00   1.3400000e+01
   6.2327861e+00   1.4048230e+00   1.3500000e+01
   6.2309657e+00   1.4078172e+00   1.3599880e+01
   6.2464785e+00   1.4108114e+00   1.3700000e+01
   6.2765915e+00   1.4138334e+00   1.3800000e+01
   6.3055195e+00   1.4167934e+00   1.3900000e+01
   6.3036172e+00   1.4198218e+00   1.4000000e+01
   6.3418619e+00   1.4227887e+00   1.4099880e+01
   6.3359762e+00   1.4258102e+00   1.4200000e+01
   6.3541391e+00   1.4288114e+00   1.4300000e+01
   6.3976519e+00   1.4318056e+00   1.4400000e+01
   6.4117996e+00   1.4348131e+00   1.4500000e+01
   6.4220276e+00   1.4377870e+00   1.4599880e+01
   6.4401253e+00   1.4408154e+00   1.4700000e+01
   6.4623867e+00   1.4437754e+00   1.4800000e+01
   6.4631344e+00   1.4468108e+00   1.4900000e+01
   6.4706805e+00   1.4497911e+00   1.5000000e+01
   6.5088268e+00   1.4527992e+00   1.5099880e+01
   6.5136397e+00   1.4558073e+00   1.5200000e+01
   6.5292510e+00   1.4587603e+00   1.5300000e+01
   6.5366335e+00   1.4618091e+00   1.5400000e+01
   6.5655282e+00   1.4647829e+00   1.5500000e+01
   6.5796578e+00   1.4677980e+00   1.5599880e+01
   6.6058706e+00   1.4707783e+00   1.5700000e+01
   6.6333502e+00   1.4737864e+00   1.5800000e+01
   6.6102130e+00   1.4767737e+00   1.5900000e+01
   6.6483593e+00   1.4797818e+00   1.6000000e+01
   6.6597903e+00   1.4828102e+00   1.6099880e+01
   6.6887030e+00   1.4857766e+00   1.6200000e+01
   6.6921826e+00   1.4887847e+00   1.6300000e+01
   6.7077606e+00   1.4917516e+00   1.6400000e+01
   6.7471917e+00   1.4947800e+00   1.6500000e+01
   6.7187212e+00   1.4977673e+00   1.6599880e+01
   6.7581841e+00   1.5007824e+00   1.6700000e+01
   6.7723470e+00   1.5037835e+00   1.6800000e+01
   6.8025598e+00   1.5067638e+00   1.6900000e+01
   6.7900241e+00   1.5097783e+00   1.7000000e+01
   6.8149188e+00   1.5127522e+00   1.7099880e+01
   6.8316998e+00   1.5157737e+00   1.7200000e+01
   6.8259113e+00   1.5187545e+00   1.7300000e+01
   6.8720256e+00   1.5217760e+00   1.7400000e+01
   6.8768884e+00   1.5247632e+00   1.7500000e+01
   6.8964179e+00   1.5277504e+00   1.7599880e+01
   6.8945475e+00   1.5307655e+00   1.7700000e+01
   6.9260770e+00   1.5337528e+00   1.7800000e+01
   6.9428414e+00   1.5367812e+00   1.7900000e+01
   6.9504361e+00   1.5397411e+00   1.8000000e+01
   6.9845490e+00   1.5427632e+00   1.8099880e+01
   6.9641118e+00   1.5457365e+00   1.8200000e+01
   6.9889247e+00   1.5487446e+00   1.8300000e+01
   6.9937057e+00   1.5517661e+00   1.8400000e+01
   7.0412352e+00   1.5547533e+00   1.8500000e+01
   7.0327148e+00   1.5577615e+00   1.8599880e+01
   7.0402928e+00   1.5607284e+00   1.8700000e+01
   7.0704071e+00   1.5637499e+00   1.8800000e+01
   7.0632700e+00   1.5667371e+00   1.8900000e+01
   7.0733829e+00   1.5697591e+00   1.9000000e+01
   7.1009291e+00   1.5727394e+00   1.9099880e+01
   7.1311086e+00   1.5757336e+00   1.9200000e+01
   7.1199215e+00   1.5787417e+00   1.9300000e+01
   7.1448010e+00   1.5817220e+00   1.9400000e+01
   7.1642154e+00   1.5847574e+00   1.9500000e+01
   7.1664601e+00   1.5877243e+00   1.9599880e+01
   7.1818911e+00   1.5907528e+00   1.9700000e+01
   7.2094691e+00   1.5937197e+00   1.9800000e+01
   7.2049334e+00   1.5967342e+00   1.9900000e+01
   7.2217796e+00   1.5997284e+00   2.0000000e+01
   7.2332758e+00   1.6027295e+00   2.0099880e+01
   7.2514054e+00   1.6057446e+00   2.0200000e+01
   7.2656515e+00   1.6087110e+00   2.0300000e+01
   7.2904311e+00   1.6117330e+00   2.0400000e+01
   7.2886606e+00   1.6147063e+00   2.0500000e+01
   7.2988068e+00   1.6177145e+00   2.0599880e+01
   7.3009863e+00   1.6207086e+00   2.0700000e+01
   7.3311159e+00   1.6237237e+00   2.0800000e+01
   7.3359469e+00   1.6267243e+00   2.0900000e+01
   7.3461916e+00   1.6296912e+00   2.1000000e+01
   7.3855893e+00   1.6327336e+00   2.1099880e+01
   7.3838340e+00   1.6357005e+00   2.1200000e+01
   7.3872817e+00   1.6387220e+00   2.1300000e+01
   7.4094945e+00   1.6417023e+00   2.1400000e+01
   7.4263074e+00   1.6447104e+00   2.1500000e+01
   7.4391203e+00   1.6477185e+00   2.1599880e+01
   7.4506665e+00   1.6506988e+00   2.1700000e+01
   7.4714475e+00   1.6537203e+00   2.1800000e+01
   7.4643422e+00   1.6566941e+00   2.1900000e+01
   7.4771385e+00   1.6597092e+00   2.2000000e+01
   7.5086846e+00   1.6626895e+00   2.2099880e+01
   7.5121323e+00   1.6657110e+00   2.2200000e+01
   7.5103437e+00   1.6686918e+00   2.2300000e+01
   7.5338246e+00   1.6716994e+00   2.2400000e+01
   7.5506209e+00   1.6747145e+00   2.2500000e+01
   7.5448656e+00   1.6776814e+00   2.2599880e+01
   7.5762966e+00   1.6807098e+00   2.2700000e+01
   7.5718913e+00   1.6836698e+00   2.2800000e+01
   7.5926557e+00   1.6866982e+00   2.2900000e+01
   7.5868518e+00   1.6896854e+00   2.3000000e+01
   7.6276647e+00   1.6926936e+00   2.3099880e+01
   7.6378443e+00   1.6956878e+00   2.3200000e+01
   7.6307071e+00   1.6986750e+00   2.3300000e+01
   7.6581700e+00   1.7016901e+00   2.3400000e+01
   7.6643828e+00   1.7046703e+00   2.3500000e+01
   7.6664805e+00   1.7076988e+00   2.3599880e+01
   7.6754085e+00   1.7106587e+00   2.3700000e+01
   7.7148396e+00   1.7136872e+00   2.3800000e+01
   7.6957190e+00   1.7166674e+00   2.3900000e+01
   7.7058819e+00   1.7196686e+00   2.4000000e+01
   7.7466948e+00   1.7226767e+00   2.4099880e+01
   7.7515577e+00   1.7256640e+00   2.4200000e+01
   7.7589887e+00   1.7286924e+00   2.4300000e+01
   7.7679167e+00   1.7316524e+00   2.4400000e+01
   7.7993630e+00   1.7346744e+00   2.4500000e+01
   7.7775591e+00   1.7376616e+00   2.4599880e+01
   7.8010387e+00   1.7406698e+00   2.4700000e+01
   7.8245363e+00   1.7436703e+00   2.4800000e+01
   7.8213978e+00   1.7466582e+00   2.4900000e+01
   7.8328954e+00   1.7496587e+00   2.5000000e+01
   7.8537901e+00   1.7526326e+00   2.5099880e+01
   7.8678545e+00   1.7556750e+00   2.5200000e+01
   7.8700673e+00   1.7586553e+00   2.5300000e+01
   7.8895469e+00   1.7616634e+00   2.5400000e+01
   7.9050764e+00   1.7646506e+00   2.5500000e+01
   7.8992393e+00   1.7676518e+00   2.5599880e+01
   7.9134188e+00   1.7706460e+00   2.5700000e+01
   7.9276149e+00   1.7736332e+00   2.5800000e+01
   7.9350945e+00   1.7766413e+00   2.5900000e+01
   7.9385588e+00   1.7796558e+00   2.6000000e+01
   7.9753551e+00   1.7826709e+00   2.6099880e+01
   7.9789498e+00   1.7856309e+00   2.6200000e+01
   7.9624141e+00   1.7886454e+00   2.6300000e+01
   7.9912436e+00   1.7916465e+00   2.6400000e+01
   8.0027565e+00   1.7946407e+00   2.6500000e+01
   8.0195527e+00   1.7976558e+00   2.6599880e+01
   8.0325307e+00   1.8005949e+00   2.6700000e+01
   8.0385133e+00   1.8036715e+00   2.6800000e+01
   8.0594746e+00   1.8066175e+00   2.6900000e+01
   8.0455875e+00   1.8096396e+00   2.7000000e+01
   8.0810837e+00   1.8126407e+00   2.7099880e+01
   8.0792480e+00   1.8156413e+00   2.7200000e+01
   8.1054275e+00   1.8186355e+00   2.7300000e+01
   8.0996556e+00   1.8216094e+00   2.7400000e+01
   8.1217533e+00   1.8246378e+00   2.7500000e+01
   8.1373313e+00   1.8276048e+00   2.7599880e+01
   8.1246972e+00   1.8306605e+00   2.7700000e+01
   8.1696252e+00   1.8336204e+00   2.7800000e+01
   8.1651214e+00   1.8366216e+00   2.7900000e+01
   8.1659676e+00   1.8396158e+00   2.8000000e+01
   8.1854638e+00   1.8426169e+00   2.8099880e+01
   8.1982448e+00   1.8456384e+00   2.8200000e+01
   8.1938228e+00   1.8486053e+00   2.8300000e+01
   8.2133190e+00   1.8516065e+00   2.8400000e+01
   8.2447834e+00   1.8546210e+00   2.8500000e+01
   8.2256295e+00   1.8576152e+00   2.8599880e+01
   8.2411577e+00   1.8606030e+00   2.8700000e+01
   8.2606220e+00   1.8636175e+00   2.8800000e+01
   8.2787516e+00   1.8666326e+00   2.8900000e+01
   8.2676643e+00   1.8695990e+00   2.9000000e+01
   8.3151273e+00   1.8726140e+00   2.9099880e+01
   8.3053886e+00   1.8755740e+00   2.9200000e+01
   8.3034530e+00   1.8786164e+00   2.9300000e+01
   8.3309991e+00   1.8815966e+00   2.9400000e+01
   8.3424621e+00   1.8846117e+00   2.9500000e+01
   8.3526582e+00   1.8875990e+00   2.9599880e+01
   8.3508710e+00   1.8905792e+00   2.9700000e+01
   8.3756188e+00   1.8936146e+00   2.9800000e+01
   8.3698468e+00   1.8965885e+00   2.9900000e+01
   8.3879612e+00   1.8996100e+00   3.0000000e+01
   8.3955226e+00   1.9025839e+00   3.0099880e+01
   8.4003202e+00   1.9055984e+00   3.0200000e+01
   8.3931983e+00   1.9085792e+00   3.0300000e+01
   8.4206793e+00   1.9115868e+00   3.0400000e+01
   8.4321422e+00   1.9146019e+00   3.0500000e+01
   8.4423550e+00   1.9175821e+00   3.0599880e+01
   8.4498179e+00   1.9205972e+00   3.0700000e+01
   8.4840640e+00   1.9235636e+00   3.0800000e+01
   8.4768284e+00   1.9265920e+00   3.0900000e+01
   8.4883898e+00   1.9295659e+00   3.1000000e+01
   8.4958374e+00   1.9325873e+00   3.1099880e+01
   8.5193337e+00   1.9355885e+00   3.1200000e+01
   8.5202117e+00   1.9385694e+00   3.1300000e+01
   8.5476927e+00   1.9415769e+00   3.1400000e+01
   8.5432374e+00   1.9445577e+00   3.1500000e+01
   8.5413185e+00   1.9475932e+00   3.1599880e+01
   8.5661980e+00   1.9505734e+00   3.1700000e+01
   8.5790109e+00   1.9535815e+00   3.1800000e+01
   8.5892237e+00   1.9565618e+00   3.1900000e+01
   8.5900699e+00   1.9595560e+00   3.2000000e+01
   8.5962161e+00   1.9625641e+00   3.2099880e+01
   8.6290789e+00   1.9655514e+00   3.2200000e+01
   8.6085100e+00   1.9685798e+00   3.2300000e+01
   8.6334213e+00   1.9715467e+00   3.2400000e+01
   8.6355523e+00   1.9745612e+00   3.2500000e+01
   8.6670971e+00   1.9775421e+00   3.2599880e+01
   8.6425614e+00   1.9805566e+00   3.2700000e+01
   8.6860410e+00   1.9835647e+00   3.2800000e+01
   8.6748871e+00   1.9865589e+00   3.2900000e+01
   8.6997167e+00   1.9895601e+00   3.3000000e+01
   8.7045962e+00   1.9925403e+00   3.3099880e+01
   8.7267258e+00   1.9955554e+00   3.3200000e+01
   8.7076052e+00   1.9985357e+00   3.3300000e+01
   8.7305390e+00   2.0000981e+00   3.3352000e+01
   8.7383920e+00   2.0001596e+00   3.3354000e+01
